0 0.4375 0.24453125 0.08984375 0.109375
0 0.34765625 0.340625 0.0890625 0.07265625
0 0.23046875 0.146875 0.05859375 0.0921875
0 0.8359375 0.6953125 0.05 0.1515625
0 0.89140625 0.81796875 0.03515625 0.10625
0 0.959375 0.4875 0.04453125 0.12421875
0 0.89453125 0.3734375 0.03671875 0.1328125
0 0.6984375 0.37265625 0.06640625 0.14296875
0 0.64453125 0.3578125 0.03125 0.1453125
0 0.59921875 0.33671875 0.0515625 0.1390625
0 0.4921875 0.48359375 0.03828125 0.115625
0 0.53671875 0.5109375 0.04140625 0.1328125
0 0.5890625 0.5375 0.05 0.15
0 0.515625 0.640625 0.05 0.12578125
0 0.46328125 0.63125 0.04375 0.1484375
0 0.4171875 0.59921875 0.05 0.1546875