0 0.25 0.75390625 0.03828125 0.05546875
0 0.2265625 0.68203125 0.0328125 0.078125
0 0.44609375 0.4390625 0.06875 0.0765625
0 0.496875 0.5859375 0.071875 0.121875
0 0.79765625 0.41640625 0.05546875 0.1375
0 0.74140625 0.315625 0.0625 0.13203125
0 0.53515625 0.24453125 0.04609375 0.13515625
0 0.48125 0.32109375 0.05546875 0.1109375
0 0.31953125 0.05390625 0.05703125 0.07421875
0 0.2328125 0.07421875 0.0484375 0.13515625
0 0.759375 0.63671875 0.0421875 0.109375
0 0.253125 0.59296875 0.04453125 0.0921875
0 0.23046875 0.82109375 0.053125 0.0796875